
         4          3          7          3 
         7          3          9          7 
         2          9          2          4 
         1          2          1          4 
         4          9          4          7 

     0.431     -0.119      0.866     0.0931 
     0.755     -0.443     -0.351      -0.14 
     0.216      0.723      0.155     -0.218 
     0.108      0.101    -0.0935      0.961 
     0.431      0.507     -0.306     0.0201 

      9.27        9.6       12.1       10.9 
         0       9.59      -1.24       3.39 
         0          0        1.9      -1.75 
         0          0          0       2.41 
Checking that Q^T*Q is the identity matrix (1).

         1   3.33e-16   1.64e-15   2.51e-15 
  3.33e-16          1   2.78e-16  -3.69e-16 
  1.64e-15   2.78e-16          1   3.24e-16 
  2.51e-15  -3.69e-16   3.24e-16          1 
Checking that Q*R = A:

         4          3          7          3 
         7          3          9          7 
         2          9          2          4 
         1          2          1          4 
         4          9          4          7 

         1          3          2          5          2 
         3          2          4          1          7 
         6          9          5          7          9 
         8          9          8          6          8 
         1          7          3          5          9 
         5          9          9          7          3 
Factorizing A into QR:

    0.0949      0.264      0.276      0.914    -0.0954 
     0.285     -0.282      0.666    -0.0836      0.624 
     0.569      0.204      -0.61      0.118      0.499 
     0.759      -0.19      0.135     -0.127     -0.594 
    0.0949      0.879      0.301     -0.356    -0.0147 

      10.5       13.5       10.5       9.78       14.2 
         0       6.51       1.54       5.72       6.78 
         0          0       2.15     0.0958       3.52 
         0          0          0       2.77      -1.92 
         0          0          0          0       3.78 
Solving the system of equations. The solution (x) is:
       1.8      -2.84     -0.702       2.05       1.43 
Checking that A*x=b

         5          9          9          7          3 
         5          9          9          7          3 
Is A*x approximately equal to b? True
